1.837145574914455007e-05 nan
4.028630463270756884e-05 nan
6.220115351627057405e-05 nan
8.411600239983360637e-05 nan
1.060308512833966116e-04 nan
1.279457001669596168e-04 nan
1.498605490505226356e-04 nan
1.717753979340856543e-04 nan
1.936902468176486731e-04 nan
2.156050957012116919e-04 nan
2.375199445847746835e-04 nan
2.594347934683377565e-04 nan
2.813496423519007482e-04 2.679329879001737891e+13
3.032644912354637398e-04 1.005172671835782227e+13
3.251793401190267315e-04 3.025190413539847656e+13
3.470941890025897774e-04 5.953506916336342773e+12
3.690090378861528232e-04 4.258566180435066895e+12
3.909238867697157607e-04 3.065582231257480957e+12
4.128387356532788066e-04 2.851859334249137207e+12
4.347535845368418524e-04 2.701678424764110352e+12
4.566684334204047899e-04 2.617601505597121094e+12
4.785832823039678900e-04 2.526887150818129883e+12
5.004981311875309358e-04 2.509569208600980957e+12
5.224129800710939275e-04 2.460003093943137695e+12
5.443278289546569192e-04 2.365489281910575195e+12
5.662426778382198024e-04 2.277818654892960449e+12
5.881575267217830109e-04 2.201089717835706543e+12
6.100723756053460026e-04 2.149634268340344482e+12
6.319872244889088858e-04 2.114204269488294189e+12
6.539020733724719859e-04 2.061755880134991455e+12
6.758169222560350860e-04 2.014385225824583984e+12
6.977317711395980776e-04 1.969265614671079590e+12
7.196466200231610693e-04 1.930687769871232178e+12
7.415614689067241694e-04 1.908909890306585938e+12
7.634763177902870526e-04 1.868931683254465332e+12
7.853911666738500443e-04 1.862721048387273682e+12
8.073060155574130359e-04 1.826375401204091309e+12
8.292208644409761360e-04 1.771189743170022461e+12
8.511357133245392361e-04 1.724604942374231445e+12
8.730505622081021194e-04 1.679532228323848877e+12
8.949654110916652194e-04 1.647897099454359131e+12
9.168802599752282111e-04 1.646224172773553955e+12
9.387951088587910943e-04 1.627204370669683350e+12
9.607099577423541944e-04 1.584602325828039795e+12
9.826248066259174029e-04 1.529774816882051025e+12
1.004539655509480286e-03 1.526665048108421143e+12
1.026454504393043386e-03 1.477825443797539795e+12
1.048369353276606269e-03 1.454698995364880615e+12
1.070284202160169370e-03 1.432290866161241943e+12
1.092199051043732470e-03 1.392031551470917725e+12
1.114113899927295353e-03 1.371780520610496582e+12
1.136028748810858236e-03 1.346980338598883789e+12
1.157943597694421119e-03 1.341426946896913818e+12
1.179858446577984219e-03 1.332156836896155273e+12
1.201773295461547536e-03 1.256284375221438477e+12
1.223688144345110420e-03 1.257393252637774902e+12
1.245602993228673520e-03 1.250745967599159912e+12
1.267517842112236620e-03 1.217813100588997070e+12
1.289432690995799503e-03 1.197706851646432861e+12
1.311347539879362386e-03 1.149915687918955078e+12
1.333262388762925486e-03 1.134477509790515137e+12
1.355177237646488370e-03 1.127957331560878662e+12
1.377092086530051253e-03 1.104800154727948486e+12
1.399006935413614353e-03 1.082378719949541382e+12
1.420921784297177670e-03 1.075312309066526611e+12
1.442836633180740770e-03 1.068398478287970825e+12
1.464751482064303653e-03 1.043104470330045410e+12
1.486666330947866536e-03 1.015529664441897095e+12
1.508581179831429420e-03 9.989715694276643066e+11
1.530496028714992520e-03 9.795859546228637695e+11
1.552410877598555620e-03 9.577431746366140137e+11
1.574325726482118720e-03 9.502609329027947998e+11
1.596240575365681386e-03 9.337266935621582031e+11
1.618155424249244486e-03 9.151273980426717529e+11
1.640070273132807803e-03 8.965048568026267090e+11
1.661985122016370687e-03 8.824116060440640869e+11
1.683899970899933787e-03 8.688859810810738525e+11
1.705814819783496887e-03 8.567116904452232666e+11
1.727729668667059770e-03 8.343271415560850830e+11
1.749644517550622653e-03 8.191956961891004639e+11
1.771559366434185536e-03 8.089455330920144043e+11
1.793474215317748853e-03 7.975277841608508301e+11
1.815389064201311737e-03 7.778650662204085693e+11
1.837303913084874620e-03 7.588426087501635742e+11
1.859218761968437720e-03 7.468989580742502441e+11
1.881133610852001037e-03 7.446750959984188232e+11
1.903048459735563920e-03 7.332061988477583008e+11
1.924963308619126803e-03 7.207677793525605469e+11
1.946878157502690120e-03 6.980038683038903809e+11
1.968793006386252570e-03 6.830903831409194336e+11
1.990707855269815887e-03 6.774477902740587158e+11
2.012622704153378770e-03 6.611148740181209717e+11
2.034537553036942087e-03 6.459925540229907227e+11
2.056452401920504970e-03 6.290152135667114258e+11
2.078367250804067853e-03 6.226151393122928467e+11
2.100282099687630737e-03 6.206654494740458984e+11
2.122196948571194054e-03 6.121999697702436523e+11
2.144111797454756937e-03 5.861815260432852783e+11
2.166026646338319820e-03 5.763099452921444092e+11
2.187941495221883137e-03 5.694571803475245361e+11
2.209856344105446020e-03 5.499528928343094482e+11
2.231771192989009337e-03 5.395457156378332520e+11
2.253686041872572220e-03 5.369428735739013062e+11
2.275600890756135537e-03 5.108234031049478760e+11
2.297515739639697987e-03 5.126890698018558350e+11
2.319430588523261304e-03 4.977071754559179077e+11
2.341345437406824187e-03 4.885769449979129639e+11
2.363260286290387070e-03 4.794301839123381958e+11
2.385175135173950387e-03 4.671971005131552124e+11
2.407089984057513270e-03 4.523045536992683716e+11
2.429004832941076154e-03 4.425170884552900391e+11
2.450919681824639037e-03 4.363210814083726807e+11
2.472834530708202354e-03 4.278734609841444092e+11
2.494749379591765237e-03 4.218543328836154175e+11
2.516664228475328120e-03 4.120323204720855713e+11
2.538579077358891004e-03 4.028109982417549438e+11
2.560493926242453887e-03 3.973666848065317993e+11
2.582408775126017204e-03 3.840033665370841064e+11
2.604323624009580087e-03 3.737473148303246460e+11
2.626238472893143404e-03 3.663365454174739380e+11
2.648153321776706721e-03 3.583171503149788208e+11
2.670068170660269604e-03 3.521116550691700439e+11
2.691983019543832487e-03 3.425474477348013916e+11
2.713897868427395371e-03 3.348998045736188354e+11
2.735812717310958687e-03 3.258273690608015747e+11
2.757727566194521137e-03 3.166787714087056274e+11
2.779642415078084020e-03 3.116005430546909180e+11
2.801557263961647337e-03 3.069204578430275269e+11
2.823472112845210220e-03 2.988924849287730103e+11
2.845386961728772670e-03 2.908207858174233398e+11
2.867301810612336421e-03 2.839055901191225586e+11
2.889216659495898870e-03 2.759903711593983765e+11
2.911131508379462187e-03 2.703249412719761047e+11
2.933046357263025070e-03 2.627008230785011902e+11
2.954961206146587954e-03 2.545893764675452271e+11
2.976876055030151270e-03 2.501435218544518738e+11
2.998790903913714154e-03 2.465162979895343018e+11
3.020705752797277471e-03 2.378176774613590088e+11
3.042620601680840354e-03 2.302219486892593079e+11
3.064535450564403237e-03 2.257649138658737793e+11
3.086450299447966554e-03 2.210972652639640198e+11
3.108365148331529437e-03 2.145124597857256470e+11
3.130279997215092754e-03 2.135004926575858765e+11
3.152194846098655204e-03 2.074786546217586975e+11
3.174109694982218087e-03 1.982716652663082581e+11
3.196024543865781404e-03 1.903136873268758545e+11
3.217939392749344287e-03 1.891814981306589050e+11
3.239854241632907604e-03 1.854803303845979309e+11
3.261769090516470487e-03 1.777665542921140747e+11
3.283683939400033804e-03 1.730840899148646851e+11
3.305598788283596254e-03 1.681144785612787476e+11
3.327513637167159137e-03 1.628347939698405457e+11
3.349428486050722454e-03 1.572072402371246338e+11
3.371343334934285337e-03 1.547769232835318604e+11
3.393258183817848654e-03 1.517320779868110046e+11
3.415173032701411537e-03 1.477708283958441772e+11
3.437087881584974421e-03 1.438395784208510437e+11
3.459002730468537738e-03 1.419944299706752625e+11
3.480917579352100621e-03 1.352431993754153900e+11
3.502832428235663938e-03 1.296963045910186310e+11
3.524747277119226387e-03 1.268451393144752197e+11
3.546662126002789271e-03 1.237324281151915436e+11
3.568576974886353021e-03 1.202507376206876221e+11
3.590491823769915904e-03 1.164774178723603821e+11
3.612406672653478788e-03 1.133842833338497314e+11
3.634321521537041671e-03 1.091883500950269318e+11
3.656236370420604554e-03 1.058854503388052673e+11
3.678151219304167437e-03 1.032581223711708069e+11
3.700066068187730321e-03 1.005015317331420898e+11
3.721980917071294071e-03 1.007061210594680023e+11
3.743895765954856954e-03 9.747827348897323608e+10
3.765810614838418970e-03 9.321818259522560120e+10
3.787725463721982721e-03 9.001941847318830872e+10
3.809640312605545604e-03 8.590944970797912598e+10
3.831555161489108487e-03 8.453196753355499268e+10
3.853470010372671371e-03 8.202785211292456055e+10
3.875384859256235121e-03 7.881739879054170227e+10
3.897299708139798004e-03 7.507919954613786316e+10
3.919214557023360454e-03 7.246785951078686523e+10
3.941129405906924205e-03 6.833471859411625671e+10
3.963044254790487088e-03 6.927418486996186829e+10
3.984959103674049971e-03 6.673072616103114319e+10
4.006873952557612854e-03 6.367101002197241974e+10
4.028788801441175738e-03 6.303389521402278900e+10
4.050703650324739488e-03 6.258454318948233795e+10
4.072618499208301504e-03 5.862052406271396637e+10
4.094533348091865255e-03 5.878981679358894348e+10
4.116448196975428138e-03 5.628707885767662811e+10
4.138363045858991021e-03 5.365433410082966614e+10
4.160277894742553904e-03 5.122143733774643707e+10
4.182192743626116788e-03 5.120857446680984497e+10
4.204107592509680538e-03 5.016357777945758057e+10
4.226022441393243421e-03 4.742758945150088501e+10
4.247937290276805437e-03 4.683082594005332184e+10
4.269852139160369188e-03 4.376461744828585815e+10
4.291766988043932071e-03 4.421930205481848145e+10
4.313681836927494954e-03 4.199370256383770752e+10
4.335596685811057838e-03 4.066145670011980438e+10
4.357511534694620721e-03 4.014126194241784668e+10
4.379426383578184472e-03 3.858661338284811401e+10
4.401341232461746487e-03 3.620262640030049133e+10
4.423256081345310238e-03 3.584808151610143280e+10
4.445170930228873121e-03 3.605663808284398651e+10
4.467085779112436005e-03 3.473646290322406769e+10
4.489000627995998888e-03 3.280361810597977829e+10
4.510915476879561771e-03 3.156200922133462524e+10
4.532830325763125522e-03 3.081119146979122925e+10
4.554745174646688405e-03 3.047959015600564575e+10
4.576660023530251288e-03 3.043587264080024719e+10
4.598574872413815039e-03 2.979006578398023987e+10
4.620489721297377922e-03 2.898431238667127228e+10
4.642404570180940805e-03 2.815651929380339432e+10
4.664319419064503688e-03 2.784764670012828064e+10
4.686234267948067439e-03 2.588823750749381638e+10
4.708149116831629455e-03 2.537518940754410172e+10
4.730063965715192338e-03 2.503089981816737747e+10
4.751978814598756089e-03 2.438559168843983078e+10
4.773893663482318972e-03 2.362812898783179855e+10
4.795808512365881855e-03 2.345100056235208511e+10
4.817723361249444738e-03 2.265576342437949371e+10
4.839638210133007622e-03 2.314306319587933731e+10
4.861553059016570505e-03 2.291762412442970276e+10
4.883467907900133388e-03 2.240142794770330048e+10
4.905382756783697139e-03 2.187585167409640884e+10
4.927297605667260022e-03 2.077873431393947220e+10
4.949212454550822038e-03 2.115937826967532349e+10
4.971127303434385789e-03 1.978527724090502548e+10
4.993042152317948672e-03 2.022844633909389496e+10
5.014957001201511555e-03 1.982800748919224930e+10
5.036871850085074438e-03 1.947765419076369858e+10
5.058786698968637321e-03 2.011522859781430054e+10
5.080701547852201072e-03 1.991569699904368973e+10
5.102616396735763088e-03 1.890858468884008789e+10
5.124531245619326839e-03 1.835229291167996979e+10
5.146446094502889722e-03 1.809250522537058258e+10
5.168360943386452605e-03 1.681444982025690651e+10
5.190275792270015488e-03 1.759279662865789413e+10
5.212190641153578372e-03 1.830970250673330688e+10
5.234105490037142122e-03 1.775009885941366959e+10
5.256020338920704138e-03 1.787953222798380661e+10
5.277935187804267889e-03 1.774187286716153336e+10
5.299850036687830772e-03 1.768640949506266022e+10
5.321764885571393655e-03 1.744189714074755478e+10
5.343679734454956538e-03 1.695948683643568611e+10
5.365594583338519422e-03 1.641245916836214638e+10
5.387509432222083172e-03 1.657920320508722496e+10
5.409424281105646055e-03 1.560227215787880325e+10
5.431339129989208939e-03 1.618712857736674881e+10
5.453253978872771822e-03 1.633463198136342621e+10
5.475168827756335573e-03 1.634481895374459076e+10
5.497083676639898456e-03 1.678963592008402061e+10
5.518998525523461339e-03 1.703416452035817528e+10
5.540913374407025090e-03 1.646679322645177650e+10
5.562828223290587105e-03 1.627193450245546341e+10
5.584743072174150856e-03 1.628161435747745132e+10
5.606657921057714607e-03 1.650431532642250633e+10
5.628572769941276623e-03 1.574846212432726669e+10
5.650487618824839506e-03 1.491109619433966255e+10
5.672402467708402389e-03 1.522240093432340813e+10
5.694317316591966140e-03 1.557125479435222816e+10
5.716232165475529023e-03 1.579530970151057243e+10
5.738147014359091906e-03 1.573000655270949745e+10
5.760061863242654789e-03 1.649173844916819572e+10
5.781976712126217673e-03 1.613132306284665871e+10
5.803891561009781423e-03 1.502187507337722969e+10
5.825806409893344306e-03 1.438003079596776390e+10
5.847721258776907190e-03 1.588823275507664108e+10
5.869636107660469206e-03 1.468198022525313568e+10
5.891550956544032089e-03 1.447942080370693779e+10
5.913465805427596707e-03 1.502142537294490242e+10
5.935380654311158723e-03 1.428087226309807396e+10
5.957295503194721606e-03 1.424576717951882744e+10
5.979210352078284489e-03 1.458107761462667465e+10
6.001125200961847372e-03 1.417786044600079918e+10
6.023040049845411123e-03 1.505101071187938690e+10
6.044954898728974006e-03 1.438713799003038597e+10
6.066869747612536889e-03 1.430858973691961479e+10
6.088784596496099773e-03 1.392970962780605316e+10
6.110699445379661789e-03 1.457590420447851372e+10
6.132614294263226407e-03 1.423685657766903305e+10
6.154529143146789290e-03 1.413396084685483360e+10
6.176443992030351306e-03 1.506467127811914825e+10
6.198358840913914189e-03 1.451552075623410797e+10
6.220273689797477072e-03 1.343462481816458130e+10
6.242188538681040823e-03 1.432146170139206696e+10
6.264103387564603706e-03 1.417613301157135773e+10
6.286018236448166589e-03 1.417672727669603157e+10
6.307933085331729473e-03 1.326681944099862862e+10
6.329847934215292356e-03 1.291188416201438713e+10
6.351762783098856106e-03 1.328626544805223656e+10
6.373677631982418990e-03 1.362143193679238510e+10
6.395592480865981873e-03 1.370542060552543640e+10
6.417507329749544756e-03 1.369097120423046684e+10
6.439422178633108507e-03 1.349187500113251495e+10
6.461337027516671390e-03 1.284327958197816086e+10
6.483251876400234273e-03 1.217924728904939461e+10
6.505166725283797156e-03 1.248782352985224533e+10
6.527081574167360040e-03 1.301871335789861107e+10
6.548996423050923790e-03 1.338118272130114174e+10
6.570911271934486673e-03 1.274235664383564186e+10
6.592826120818049557e-03 1.171234897268861771e+10
6.614740969701612440e-03 1.137674087082473564e+10
6.636655818585175323e-03 1.206245737086036682e+10
6.658570667468739074e-03 1.232634355920593071e+10
6.680485516352301957e-03 1.260518819511606979e+10
6.702400365235864840e-03 1.225249346978666878e+10
6.724315214119426856e-03 1.173819285032502174e+10
6.746230063002989739e-03 1.193105027187871552e+10
6.768144911886554357e-03 1.176435144829418755e+10
6.790059760770116373e-03 1.181862250620019913e+10
6.811974609653679257e-03 1.248905803385515594e+10
6.833889458537242140e-03 1.116677085412706947e+10
6.855804307420805023e-03 1.187934368562428665e+10
6.877719156304369641e-03 1.063759512827993393e+10
6.899634005187931657e-03 1.126975071588622284e+10
6.921548854071493673e-03 1.029583574011472893e+10
6.943463702955057423e-03 9.215646269521505356e+09
6.965378551838619439e-03 1.045187012452751160e+10
6.987293400722183190e-03 1.000182982468582535e+10
7.009208249605746940e-03 9.941252967358800888e+09
7.031123098489308956e-03 9.491272290857328415e+09
7.053037947372872707e-03 9.405324981607370377e+09
7.074952796256434723e-03 9.394777989906665802e+09
7.096867645139998473e-03 9.156740254758049011e+09
7.118782494023562224e-03 9.066565808816104889e+09
7.140697342907124240e-03 9.159439666909528732e+09
7.162612191790687123e-03 8.734233466984157562e+09
7.184527040674250006e-03 9.038437988383548737e+09
7.206441889557813757e-03 8.600759022123794556e+09
7.228356738441376640e-03 8.697365945303569794e+09
7.250271587324939523e-03 8.501183045972167015e+09
7.272186436208502407e-03 8.574274288883948326e+09
7.294101285092066157e-03 8.608516636032091141e+09
7.316016133975629041e-03 8.665098385862800598e+09
7.337930982859191924e-03 8.888969373396965027e+09
7.359845831742755674e-03 8.231031756334092140e+09
7.381760680626317690e-03 7.906198769555235863e+09
7.178951416981296102e-03 7.912625165931342125e+09
7.435864780553372300e-03 7.219033756415189743e+09
7.692778144125449365e-03 6.498795690230376244e+09
7.949691507697528164e-03 5.948108945817731857e+09
8.206604871269604362e-03 5.496761826734569550e+09
8.463518234841682295e-03 5.168467572659595490e+09
8.720431598413758492e-03 4.504441250884675026e+09
8.977344961985834690e-03 4.135919383399041653e+09
9.234258325557914357e-03 3.867431313423539639e+09
9.491171689129990555e-03 3.549541823196634769e+09
9.748085052702068487e-03 3.409935052002512932e+09
1.000499841627414642e-02 3.198401885237670898e+09
1.026191177984622262e-02 3.077960458742043495e+09
1.051882514341830055e-02 2.846737945628849506e+09
1.077573850699037675e-02 2.686957295556373596e+09
1.103265187056245294e-02 2.505092015504432678e+09
1.128956523413453261e-02 2.473430113856750965e+09
1.154647859770660881e-02 2.383372100771519184e+09
1.180339196127868501e-02 2.245755503643114567e+09
1.206030532485076467e-02 2.111084406622197628e+09
1.231721868842284087e-02 2.060945610127448559e+09
1.257413205199491707e-02 1.948097686873105526e+09
1.283104541556699500e-02 1.878999372802044392e+09
1.308795877913906947e-02 1.809520100326691151e+09
1.334487214271114913e-02 1.846747042815797806e+09
1.360178550628322360e-02 1.802883699493762970e+09
1.385869886985530153e-02 1.804763763394584179e+09
1.411561223342738119e-02 1.706196861938344002e+09
1.437252559699945566e-02 1.654487646619392872e+09
1.462943896057153359e-02 1.591340979845621586e+09
1.488635232414361326e-02 1.541109851015767097e+09
1.514326568771568772e-02 1.465480300534428120e+09
1.540017905128776565e-02 1.494044028333438873e+09
1.565709241485984532e-02 1.419393545204630375e+09
1.591400577843192152e-02 1.327572792001931667e+09
1.617091914200399771e-02 1.398664300696053505e+09
1.642783250557607391e-02 1.420502318974425316e+09
1.668474586914815358e-02 1.282570261473070145e+09
1.694165923272022978e-02 1.246388438243355751e+09
1.719857259629230598e-02 1.268075162654053211e+09
1.745548595986438564e-02 1.238367255727211952e+09
1.771239932343645837e-02 1.209391488819095612e+09
1.796931268700853804e-02 1.169971367703988075e+09
1.822622605058061770e-02 1.164308339468173981e+09
1.848313941415269043e-02 1.161371041862704277e+09
1.874005277772477010e-02 1.137628580354019642e+09
1.899696614129684977e-02 1.116856562777834892e+09
1.925387950486892596e-02 1.120185396737769127e+09
1.951079286844100216e-02 1.125476637099738121e+09
1.976770623201308183e-02 1.099951187842955589e+09
2.002461959558515803e-02 1.095503122868665695e+09
2.028153295915723422e-02 1.060233404092827201e+09
2.053844632272931042e-02 1.036975634129414201e+09
2.079535968630139009e-02 1.022978114356886506e+09
2.105227304987346629e-02 1.055818620489333987e+09
2.130918641344554249e-02 1.010240692883575082e+09
2.156609977701762215e-02 1.019062275814707160e+09
2.182301314058969488e-02 1.007724434058927655e+09
2.207992650416177455e-02 1.005047551828494668e+09
2.233683986773385421e-02 9.683077715843111277e+08
2.259375323130592694e-02 9.576795316057914495e+08
2.285066659487800661e-02 9.564173408057938814e+08
2.310757995845008628e-02 9.994562804218081236e+08
2.336449332202215901e-02 9.591748928551255465e+08
2.362140668559423867e-02 8.945385417668575048e+08
2.387832004916631834e-02 8.870354973646546602e+08
2.413523341273839107e-02 9.381764726264332533e+08
2.439214677631047073e-02 9.525934364043990374e+08
2.464906013988254693e-02 9.020643303342286348e+08
2.490597350345462313e-02 9.210202419231547117e+08
2.516288686702670280e-02 9.172217993379141092e+08
2.541980023059878246e-02 8.982553847157326937e+08
2.567671359417085866e-02 9.175569342449775934e+08
2.593362695774293486e-02 9.013729951691559553e+08
2.619054032131501453e-02 9.023561948984357119e+08
2.644745368488709072e-02 8.849517460793269873e+08
2.670436704845916692e-02 8.720015882895447016e+08
2.696128041203124312e-02 8.760246095055519342e+08
2.721819377560332279e-02 8.758809527560182810e+08
2.747510713917539898e-02 9.028764745702553988e+08
2.773202050274747518e-02 8.674158808741706610e+08
2.798893386631955485e-02 8.553768237287975550e+08
2.824584722989163105e-02 8.736193550099145174e+08
2.850276059346370724e-02 8.783677554210833311e+08
2.875967395703578691e-02 8.168912460109061003e+08
2.901658732060786311e-02 8.488525530157109499e+08
2.927350068417993931e-02 8.670146005370103121e+08
2.953041404775201897e-02 8.214893340813304186e+08
2.978732741132409517e-02 8.666849879625705481e+08
3.004424077489617137e-02 8.083754864862562418e+08
3.030115413846825104e-02 8.621339830249882936e+08
3.055806750204032723e-02 8.479948272197347879e+08
3.081498086561240343e-02 8.526569421260420084e+08
3.107189422918448310e-02 8.609938932359143496e+08
3.132880759275655930e-02 8.278216556923073530e+08
3.158572095632863203e-02 8.354592470621734858e+08
3.184263431990071169e-02 8.393306276392837763e+08
3.209954768347279136e-02 8.024164609915074110e+08
3.235646104704486409e-02 7.873827729361709356e+08
3.261337441061694375e-02 7.879376228650711775e+08
3.287028777418902342e-02 7.819991015708788633e+08
3.312720113776109615e-02 7.962397821361063719e+08
3.338411450133317582e-02 7.898519121677864790e+08
3.364102786490525548e-02 8.067248204742778540e+08
3.389794122847732821e-02 8.209405429501367807e+08
3.415485459204940788e-02 8.153305549157320261e+08
3.441176795562148755e-02 7.894785443321014643e+08
3.466868131919356028e-02 7.660672118839842081e+08
3.492559468276563994e-02 7.886896805399760008e+08
3.518250804633771267e-02 7.995849185453211069e+08
3.543942140990979234e-02 8.035859373789609671e+08
3.569633477348187200e-02 7.852841077289298773e+08
3.595324813705394473e-02 7.792118905133184195e+08
3.621016150062602440e-02 7.912376046476169825e+08
3.646707486419810407e-02 7.812146490380858183e+08
3.672398822777017680e-02 7.687237014424091578e+08
3.698090159134225646e-02 7.608738107016383410e+08
3.723781495491433613e-02 7.699983981654649973e+08
3.749472831848640886e-02 7.848535076014462709e+08
3.775164168205849546e-02 7.931212564764944315e+08
3.800855504563056819e-02 7.842799007215155363e+08
3.826546840920264092e-02 7.636551612112745047e+08
3.852238177277472753e-02 7.392929942605608702e+08
3.877929513634680025e-02 7.609464702077087164e+08
3.903620849991887298e-02 7.713322583642429113e+08
3.929312186349095959e-02 7.476722969868570566e+08
3.955003522706303232e-02 7.632868979743942022e+08
3.980694859063510505e-02 7.663787680874890089e+08
4.006386195420718471e-02 7.436396646971803904e+08
4.032077531777926438e-02 7.538904922500613928e+08
4.057768868135133711e-02 7.643784949248327017e+08
4.083460204492341677e-02 7.683084878160790205e+08
4.109151540849549644e-02 7.778773649046758413e+08
4.134842877206756917e-02 7.518891690006819963e+08
4.160534213563964884e-02 7.793237947695769072e+08
4.186225549921172850e-02 7.466557499097396135e+08
4.211916886278380123e-02 7.574250514387573004e+08
4.237608222635588090e-02 7.688876253245717287e+08
4.263299558992796057e-02 7.457565849329839945e+08
4.288990895350003330e-02 7.295695507039793730e+08
4.314682231707211296e-02 7.514467737231715918e+08
4.340373568064418569e-02 7.757799382020655870e+08
4.366064904421626536e-02 7.463317455584472418e+08
4.391756240778834502e-02 7.308103845306655169e+08
4.417447577136041775e-02 7.267207435052624941e+08
4.443138913493249742e-02 7.381272115854204893e+08
4.468830249850457709e-02 7.463422676685596704e+08
4.494521586207664982e-02 7.266282613763140440e+08
4.520212922564872948e-02 7.423736837853645086e+08
4.545904258922080915e-02 7.305481743446053267e+08
4.571595595279288188e-02 7.425847742906121016e+08
4.597286931636496154e-02 7.437234041095162630e+08
4.622978267993704121e-02 7.236952147958098650e+08
4.648669604350911394e-02 7.106520871929870844e+08
4.674360940708119361e-02 7.144352139021011591e+08
4.700052277065327327e-02 7.224405554764357805e+08
4.725743613422534600e-02 7.317443321174629927e+08
4.751434949779742567e-02 7.229559293635500669e+08
4.777126286136950534e-02 7.127249145863186121e+08
4.802817622494157807e-02 7.269237729288853407e+08
4.828508958851365773e-02 7.365648550090297461e+08
4.854200295208573740e-02 7.170093668646639585e+08
4.879891631565781013e-02 7.168921594589627981e+08
4.905582967922988979e-02 7.350598942719308138e+08
4.931274304280196946e-02 7.244554437573751211e+08
4.956965640637404219e-02 6.983982096507254839e+08
4.982656976994612186e-02 7.174905528007622957e+08
5.008348313351819459e-02 7.364839144425460100e+08
5.034039649709026731e-02 7.291422408687933683e+08
5.059730986066235392e-02 7.302498696243051291e+08
5.085422322423443359e-02 7.149998636140207052e+08
5.111113658780650632e-02 7.011036826873918772e+08
5.136804995137858598e-02 6.899059923730570078e+08
5.162496331495065871e-02 6.932278592218619585e+08
5.188187667852273144e-02 7.082554995958071947e+08
5.213879004209481804e-02 7.211944520668777227e+08
5.239570340566689771e-02 7.107058210459975004e+08
5.265261676923897044e-02 7.148671367498644590e+08
5.290953013281105011e-02 6.975048673957670927e+08
5.316644349638312284e-02 6.999015015141276121e+08
5.342335685995519556e-02 7.092410302483714819e+08
5.368027022352727523e-02 7.040420047685497999e+08
5.393718358709936184e-02 7.003298598166338205e+08
5.419409695067143456e-02 7.105469145866070986e+08
5.445101031424351423e-02 7.065692283603407145e+08
5.470792367781558696e-02 6.980988029851874113e+08
5.496483704138765969e-02 6.998222035219613314e+08
5.522175040495973936e-02 6.982589192475639582e+08
5.547866376853182596e-02 6.899657550071114302e+08
5.573557713210389869e-02 6.764510286271580458e+08
5.599249049567597836e-02 6.789794048408099413e+08
5.624940385924805109e-02 6.988939999785491228e+08
5.650631722282012381e-02 6.800947798781501055e+08
5.676323058639220348e-02 6.863358488785380125e+08
5.702014394996429009e-02 6.797366583551903963e+08
5.727705731353636281e-02 6.824285494240280390e+08
5.753397067710844248e-02 6.798717502372988462e+08
5.779088404068051521e-02 6.844527498348950148e+08
5.804779740425258794e-02 6.797202410264269114e+08
5.830471076782466761e-02 6.780263290020107031e+08
5.856162413139674033e-02 6.961540211056391001e+08
5.881853749496882694e-02 6.593666989589873552e+08
5.907545085854090661e-02 6.841485044790562391e+08
5.933236422211297934e-02 6.820219811294585466e+08
5.958927758568505206e-02 6.772194221016246080e+08
5.984619094925713173e-02 6.576936130158871412e+08
6.010310431282920446e-02 6.775088236970158815e+08
6.036001767640129106e-02 6.693980467836514711e+08
6.061693103997337073e-02 6.718054420137220621e+08
6.087384440354544346e-02 6.735534700457910299e+08
6.113075776711751619e-02 6.645448577011493444e+08
6.138767113068959586e-02 6.786528964734340906e+08
6.164458449426166858e-02 6.750312960345648527e+08
6.190149785783375519e-02 6.677401591584717035e+08
6.215841122140583486e-02 6.558962910956953764e+08
6.241532458497790758e-02 6.700650941403363943e+08
6.267223794854998031e-02 6.849333501209517717e+08
6.292915131212205304e-02 6.754538494710725546e+08
6.318606467569413965e-02 6.712035124592913389e+08
6.344297803926621238e-02 6.721879422739385366e+08
6.369989140283829898e-02 6.651633829709371328e+08
6.395680476641037171e-02 6.519908890664416552e+08
6.421371812998244444e-02 6.475328078342741728e+08
6.447063149355451717e-02 6.436703056168981791e+08
6.472754485712660377e-02 6.514402735629175901e+08
6.498445822069867650e-02 6.714237355854300261e+08
6.524137158427076311e-02 6.566041278800297976e+08
6.549828494784283583e-02 6.572629957944310904e+08
6.575519831141490856e-02 6.695747222035847902e+08
6.601211167498698129e-02 6.603398939109133482e+08
6.626902503855906790e-02 6.396590016828297377e+08
6.652593840213114063e-02 6.391600854481748343e+08
6.678285176570321335e-02 6.697201195060476065e+08
6.703976512927529996e-02 6.644185864675129652e+08
6.729667849284737269e-02 6.456290671297003031e+08
6.755359185641944542e-02 6.404250188279091120e+08
6.781050521999153202e-02 6.598327468772536516e+08
6.806741858356360475e-02 6.446752860481067896e+08
6.832433194713567748e-02 6.601841708706327677e+08
6.858124531070776408e-02 6.350832501325572729e+08
6.883815867427983681e-02 6.513294553348833323e+08
6.909507203785190954e-02 6.358175549745420218e+08
6.935198540142399615e-02 6.561372967570170164e+08
6.960889876499606888e-02 6.260519060266724825e+08
6.986581212856814160e-02 6.330445278076177835e+08
7.012272549214021433e-02 6.444203506771143675e+08
7.037963885571230094e-02 6.411397556062864065e+08
7.063655221928437367e-02 6.342675092896023989e+08
7.089346558285646027e-02 6.252157199844862223e+08
7.115037894642853300e-02 6.367949008227926493e+08
7.140729231000060573e-02 6.015830976942390203e+08
7.166420567357267846e-02 6.228256972372630835e+08
7.192111903714476506e-02 6.325128152368129492e+08
7.217803240071683779e-02 6.465336235378798246e+08
7.243494576428892440e-02 6.306218297300297022e+08
7.269185912786099713e-02 6.169036932965160608e+08
7.294877249143306985e-02 6.314756541122628450e+08
7.320568585500514258e-02 6.363655849879361391e+08
7.346259921857722919e-02 6.249734628456131220e+08
7.371951258214930192e-02 6.282246391632937193e+08
7.397642594572138852e-02 6.328618189356058836e+08
7.423333930929346125e-02 6.334504815184623003e+08
7.449025267286553398e-02 6.291448622593291998e+08
7.474716603643760671e-02 6.171281753293932676e+08
7.500407940000969331e-02 6.261568521757646799e+08
7.526099276358177992e-02 6.283642019405440092e+08
7.551790612715385265e-02 6.266481820448423624e+08
7.577481949072592537e-02 6.198806982764855623e+08
7.603173285429799810e-02 6.007248729815715551e+08
7.628864621787007083e-02 6.154230438948582411e+08
7.654555958144215744e-02 6.301679619039031267e+08
7.680247294501424404e-02 6.305750471136609316e+08
7.705938630858631677e-02 6.198487433525646925e+08
7.731629967215838950e-02 6.217778548397516012e+08
7.757321303573046223e-02 6.162818419108105898e+08
7.783012639930253496e-02 6.035820231235045195e+08
7.808703976287462156e-02 5.954921792717527151e+08
7.834395312644670817e-02 6.046061746586002111e+08
7.860086649001878090e-02 6.182978019479871988e+08
7.885777985359085362e-02 6.035567958482950926e+08
7.911469321716292635e-02 6.094007831318503618e+08
7.937160658073499908e-02 6.025353289156128168e+08
7.962851994430708569e-02 6.056295447102924585e+08
7.988543330787915842e-02 6.022735354915953875e+08
8.014234667145124502e-02 5.943555072242943048e+08
8.039926003502331775e-02 6.164499865562068224e+08
8.065617339859539048e-02 6.002746176994880438e+08
8.091308676216746321e-02 5.842702707202807665e+08
8.117000012573954981e-02 5.797872510001240969e+08
8.142691348931162254e-02 5.878307041363486052e+08
8.168382685288370915e-02 5.894008540003157854e+08
8.194074021645578187e-02 5.905226953123852015e+08
8.219765358002785460e-02 6.025932271729778051e+08
8.245456694359992733e-02 5.931075364983116388e+08
8.271148030717201394e-02 5.826973327707527876e+08
8.296839367074408667e-02 5.939313180542386770e+08
8.322530703431615939e-02 5.856994830103179216e+08
8.348222039788824600e-02 6.029983662598601580e+08
8.373913376146031873e-02 5.883719464304977655e+08
8.399604712503239146e-02 5.833005181051059961e+08
8.425296048860447806e-02 5.847759966557778120e+08
8.450987385217655079e-02 5.918066506610864401e+08
8.476678721574862352e-02 6.123699008290926218e+08
8.502370057932071012e-02 5.835776362831338644e+08
8.528061394289278285e-02 5.725533150998314619e+08
8.553752730646485558e-02 5.923099951229606867e+08
8.579444067003694219e-02 5.936430484896203279e+08
8.605135403360901492e-02 5.915062231882270575e+08
8.630826739718108764e-02 5.723041542807914019e+08
8.656518076075316037e-02 5.652326731832283735e+08
8.682209412432524698e-02 5.910045256175562143e+08
8.707900748789731971e-02 5.869027770394700766e+08
8.733592085146940631e-02 5.739936964490197897e+08
8.759283421504147904e-02 5.869466514865461588e+08
8.784974757861355177e-02 5.697853353439997435e+08
8.810666094218562450e-02 5.536636814218617678e+08
8.836357430575771110e-02 5.720813920202749968e+08
8.862048766932978383e-02 5.854987872583001852e+08
8.887740103290187044e-02 5.908842372119592428e+08
8.913431439647394317e-02 5.798389638129185438e+08
8.939122776004601589e-02 5.742993487217670679e+08
8.964814112361808862e-02 5.852243521785944700e+08
8.990505448719017523e-02 5.862745324604693651e+08
9.016196785076224796e-02 5.739621392691587210e+08
9.041888121433433456e-02 5.895118520640608072e+08
9.067579457790640729e-02 5.919917808525010347e+08
9.093270794147848002e-02 5.930947384396890402e+08
9.118962130505055275e-02 5.907640078150871992e+08
9.144653466862262547e-02 5.663311629517725706e+08
9.170344803219471208e-02 5.548186123568431139e+08
9.196036139576679869e-02 5.499250477613247633e+08
9.221727475933887141e-02 5.683377030420452356e+08
9.247418812291094414e-02 5.726398430939446688e+08
9.273110148648301687e-02 5.789294324387167692e+08
9.298801485005508960e-02 5.724090878707498312e+08
9.324492821362717621e-02 5.557823125049597025e+08
9.350184157719926281e-02 5.560166762200726271e+08
9.375875494077133554e-02 5.657915996384266615e+08
9.401566830434340827e-02 5.603709852720798254e+08
9.427258166791548100e-02 5.514362158186937571e+08
9.452949503148755372e-02 5.480578758757263422e+08
9.478640839505964033e-02 5.460944877572063208e+08
9.504332175863172694e-02 5.378196748577553034e+08
9.530023512220379966e-02 5.519010065549689531e+08
9.555714848577587239e-02 5.450449356611860991e+08
9.581406184934794512e-02 5.437348595065239668e+08
9.607097521292001785e-02 5.392074984085007906e+08
9.632788857649210446e-02 5.399061602270969152e+08
9.658480194006419106e-02 5.445328706096817255e+08
9.684171530363626379e-02 5.362241704968277216e+08
9.709862866720833652e-02 5.412214795402947664e+08
9.735554203078040925e-02 5.490296985068904161e+08
9.761245539435248197e-02 5.387585202278791666e+08
9.786936875792456858e-02 5.396190250040000677e+08
9.812628212149665519e-02 5.068821118452328444e+08
9.838319548506872791e-02 5.370999488825322390e+08
9.864010884864080064e-02 5.425732539160314798e+08
9.889702221221287337e-02 5.211189697012788057e+08
9.915393557578494610e-02 5.440763927596288919e+08
9.941084893935703271e-02 5.579313255486520529e+08
9.966776230292910543e-02 5.253533802538133860e+08
9.992467566650119204e-02 5.403683590881549120e+08
1.001815890300732648e-01 5.412212767134271860e+08
1.004385023936453236e-01 5.372641092869833708e+08
1.006954157572174102e-01 5.203090512531067133e+08
1.009523291207894968e-01 5.348917054693723917e+08
1.012092424843615696e-01 5.297966912349723577e+08
1.014661558479336423e-01 5.261492074189769030e+08
1.017230692115057150e-01 5.269392453232501745e+08
1.019799825750777877e-01 5.171569796336759329e+08
1.022368959386498743e-01 5.108764659727071524e+08
1.024938093022219471e-01 5.211748686856812239e+08
1.027507226657940198e-01 5.198802744727176428e+08
1.030076360293660925e-01 4.707146081808379889e+08
1.032645493929381653e-01 4.949334243915456533e+08
1.035214627565102519e-01 5.149191071469305754e+08
1.037783761200823246e-01 5.130722441605736017e+08
1.040352894836544251e-01 5.219010148279122114e+08
1.042922028472264978e-01 5.033960081282914877e+08
1.045491162107985705e-01 5.136900621186026335e+08
1.048060295743706433e-01 5.166213100434561968e+08
1.050629429379427160e-01 5.104594217361267805e+08
1.053198563015148026e-01 5.332582561790264845e+08
1.055767696650868753e-01 5.210038258629096746e+08
1.058336830286589481e-01 5.226018025669246912e+08
1.060905963922310208e-01 5.197180897827178240e+08
1.063475097558030935e-01 5.006775685457378626e+08
1.066044231193751801e-01 4.838650699016534090e+08
1.068613364829472528e-01 4.977179870632773638e+08
1.071182498465193256e-01 5.023579549014760256e+08
1.073751632100914261e-01 5.178321109966236353e+08
1.076320765736634988e-01 5.188446457149604559e+08
1.078889899372355715e-01 4.972498114847711325e+08
1.081459033008076442e-01 4.707864022745047808e+08
1.084028166643797308e-01 4.852615283231240511e+08
1.086597300279518036e-01 4.898260351376048326e+08
1.089166433915238763e-01 5.123870166739033461e+08
1.091735567550959490e-01 4.953659030056596994e+08
1.094304701186680218e-01 4.892867757017611265e+08
1.096873834822401084e-01 4.916234204186717272e+08
1.099442968458121811e-01 4.841542675703800917e+08
1.102012102093842538e-01 4.775216947812341452e+08
1.104581235729563543e-01 4.821987026692916155e+08
1.107150369365284270e-01 4.811772911329041719e+08
1.109719503001004998e-01 4.758422955041912794e+08
1.112288636636725725e-01 4.732039681962393522e+08
1.114857770272446591e-01 4.438897967306774855e+08
1.117426903908167318e-01 5.106915236566656828e+08
1.119996037543888046e-01 4.771955178322142363e+08
1.122565171179608773e-01 4.963808721669670343e+08
1.125134304815329500e-01 4.896735346577073336e+08
1.127703438451050366e-01 4.886052131654261351e+08
1.130272572086771093e-01 5.062840728944712877e+08
1.132841705722491821e-01 4.801736341654275656e+08
1.135410839358212548e-01 4.895952465539201498e+08
1.137979972993933553e-01 4.846699180853403807e+08
1.140549106629654280e-01 4.539696250596364737e+08
1.143118240265375007e-01 4.609255261084707975e+08
1.145687373901095873e-01 4.484698236412681341e+08
1.148256507536816601e-01 4.701445652180780172e+08
1.150825641172537328e-01 4.628434399098473787e+08
1.153394774808258055e-01 4.838215466768337488e+08
1.155963908443978783e-01 4.782067631129795313e+08
1.158533042079699649e-01 4.392417316598819494e+08
1.161102175715420376e-01 4.443567987366868258e+08
1.163671309351141103e-01 4.443637462322868109e+08
1.166240442986861831e-01 4.587829507163406610e+08
1.168809576622582558e-01 4.230300783678408861e+08
1.171378710258303563e-01 4.582279845611695051e+08
1.173947843894024290e-01 4.922689409238835573e+08
1.176516977529745156e-01 4.614602533289436102e+08
1.179086111165465883e-01 4.394308406119989157e+08
1.181655244801186611e-01 4.208522072703393698e+08
1.184224378436907338e-01 4.171530974203361273e+08
1.186793512072628065e-01 4.179350995235604048e+08
1.189362645708348931e-01 4.389245884045847654e+08
1.191931779344069658e-01 4.340754674080911875e+08
1.194500912979790386e-01 4.106212732640138865e+08
1.197070046615511113e-01 4.496972212376102209e+08
1.199639180251231840e-01 4.569268609120541811e+08
1.202208313886952706e-01 4.834711807788952589e+08
1.204777447522673572e-01 4.855138106469024420e+08
1.207346581158394438e-01 4.234965261736723185e+08
1.209915714794115166e-01 4.425934538692480326e+08
1.212484848429835893e-01 4.093560065902529955e+08
1.215053982065556620e-01 4.185509934488500357e+08
1.217623115701277348e-01 4.004498484638773203e+08
1.220192249336998214e-01 4.190746714761322737e+08
1.222761382972718941e-01 4.005485294541536570e+08
1.225330516608439668e-01 4.491196220034898520e+08
1.227899650244160396e-01 5.073550751181293726e+08
1.230468783879881123e-01 3.880316163449672461e+08
1.233037917515601989e-01 4.056063286088494062e+08
1.235607051151322855e-01 4.131122851794143915e+08
1.238176184787043721e-01 4.578135949350510836e+08
1.240745318422764448e-01 3.632981500994111300e+08
1.243314452058485176e-01 4.501036246244035959e+08
1.245883585694205903e-01 3.871244395621074438e+08
1.248452719329926630e-01 4.184485387302988768e+08
1.251021852965647496e-01 2.406873973553997278e+08
1.253590986601368085e-01 2.198582402797769308e+08
1.256160120237088951e-01 5.272361162522915602e+08
1.258729253872809817e-01 3.527466273266347647e+08
1.261298387508530405e-01 3.196342310431236029e+08
1.263867521144251271e-01 4.524394343685444593e+08
1.266436654779971860e-01 2.473780607778683901e+08
1.269005788415693003e-01 4.069200583557325602e+08
1.271574922051413592e-01 4.110820750691748857e+08
1.274144055687134458e-01 2.205443611244452000e+08
1.276713189322855324e-01 5.608503986194747686e+08
1.279282322958575913e-01 3.948381727596060038e+08
1.281851456594296779e-01 3.228268063604296446e+08
1.284420590230017367e-01 4.764222045924663544e+05
