2.695990000000000464e+02 -1.067095621495907365e-02
2.701000000000000227e+02 -2.980187539360194988e-03
2.705990000000000464e+02 -4.707863553826542417e-03
2.710980000000000132e+02 -3.055835435800441542e-03
2.716009999999999991e+02 -3.448156095701311857e-04
2.720990000000000464e+02 -2.598693995542640956e-03
2.725990000000000464e+02 -7.594077948423747816e-04
2.731020000000000323e+02 -5.724502392608066953e-03
2.736000000000000227e+02 -5.625958139167252722e-03
2.740980000000000132e+02 -1.592958062224581394e-03
2.745990000000000464e+02 5.111263269302003878e-03
2.751009999999999991e+02 1.435682074611234265e-03
2.756000000000000227e+02 9.826294960074944632e-04
2.760990000000000464e+02 2.811628304824548025e-03
2.766000000000000227e+02 4.908292236304227785e-03
2.770990000000000464e+02 -8.423897729417871821e-05
2.775990000000000464e+02 -3.942993816350089629e-03
2.780980000000000132e+02 1.829327905716608216e-03
2.786009999999999991e+02 6.134999771044470813e-03
2.791000000000000227e+02 8.203632258775779215e-03
2.796009999999999991e+02 2.476075157059548851e-03
2.796990000000000123e+02 3.114381927409398676e-03
2.798020000000000209e+02 4.755261796654947949e-03
2.799010000000000105e+02 6.162715153636945213e-03
2.799990000000000236e+02 5.485699594291883197e-03
2.801000000000000227e+02 4.651073579790402680e-03
2.802010000000000218e+02 6.938724633840535894e-03
2.802990000000000350e+02 6.791105318012529042e-03
2.804000000000000341e+02 2.287476176555328609e-03
2.805000000000000000e+02 3.818661978571705543e-03
2.806009999999999991e+02 5.248956334495540575e-03
2.807040000000000077e+02 6.765199832141044825e-03
2.808029999999999973e+02 6.026126122795408095e-03
2.809030000000000200e+02 9.024732235405164699e-03
2.810040000000000191e+02 4.415696710371346152e-03
2.811030000000000086e+02 6.564340096160471184e-03
2.812040000000000077e+02 3.518684370111397047e-03
2.813020000000000209e+02 7.371492474554250385e-03
2.814010000000000105e+02 8.810989173502382574e-03
2.815030000000000427e+02 1.120655858038733729e-02
2.816030000000000086e+02 1.126131122361233132e-02
2.817030000000000314e+02 1.122941836708656223e-02
2.818029999999999973e+02 1.514057649444311426e-02
2.819030000000000200e+02 1.281958172487462390e-02
2.820030000000000427e+02 1.043554158241840994e-02
2.821009999999999991e+02 1.212983250696001228e-02
2.822040000000000077e+02 1.988214640335083175e-02
2.823050000000000068e+02 1.510034266856305311e-02
2.824020000000000437e+02 1.663669693737828553e-02
2.825010000000000332e+02 1.662239363224513738e-02
2.826009999999999991e+02 1.119291401100699218e-02
2.827030000000000314e+02 1.750527296992830315e-02
2.828029999999999973e+02 2.380074480505307843e-02
2.829050000000000296e+02 2.386582414037768246e-02
2.830040000000000191e+02 2.391959186687359420e-02
2.831030000000000086e+02 2.471758394365010381e-02
2.832050000000000409e+02 3.146414804552470634e-02
2.833029999999999973e+02 2.761284464619563270e-02
2.834039999999999964e+02 3.248596945101149547e-02
2.835020000000000095e+02 4.142642191598765178e-02
2.836030000000000086e+02 4.475923353201867461e-02
2.837030000000000314e+02 4.270165045217868410e-02
2.838020000000000209e+02 5.504973017464716983e-02
2.839050000000000296e+02 5.883923807016443186e-02
2.840030000000000427e+02 7.042857496442761489e-02
2.841040000000000418e+02 8.922204331965474799e-02
2.842040000000000077e+02 1.170359269452352774e-01
2.843029999999999973e+02 1.478325687348172879e-01
2.844030000000000200e+02 1.998156122712348992e-01
2.845020000000000095e+02 3.011016349633561240e-01
2.846030000000000086e+02 5.230309840446574210e-01
2.847010000000000218e+02 1.421612919741096492e+00
2.848040000000000305e+02 3.927180489605055946e+00
2.849020000000000437e+02 5.815738214071558332e+00
2.850040000000000191e+02 6.510095590911598507e+00
2.851030000000000086e+02 5.814356129086688973e+00
2.852019999999999982e+02 5.341240990733927774e+00
2.853020000000000209e+02 4.443060798212672857e+00
2.854039999999999964e+02 3.642156564433037147e+00
2.855030000000000427e+02 2.842135123187663037e+00
2.856050000000000182e+02 2.125628591283321267e+00
2.857050000000000409e+02 1.560963290430084749e+00
2.858040000000000305e+02 1.270010490210911058e+00
2.859030000000000200e+02 1.415451035627807386e+00
2.860030000000000427e+02 1.817621777773348102e+00
2.861009999999999991e+02 2.080347035491011631e+00
2.862030000000000314e+02 2.121890928662963471e+00
2.863040000000000305e+02 2.029634617732722024e+00
2.864030000000000200e+02 2.209921048416080946e+00
2.865030000000000427e+02 2.405156860588665957e+00
2.866040000000000418e+02 2.299271605757396308e+00
2.867030000000000314e+02 2.064292699420407384e+00
2.868050000000000068e+02 1.990391879768247607e+00
2.869039999999999964e+02 1.918803732529394734e+00
2.870030000000000427e+02 1.855959871819618190e+00
2.871000000000000227e+02 1.792864473773162937e+00
2.872030000000000314e+02 1.751113077100595161e+00
2.873020000000000209e+02 1.700282517969984974e+00
2.874030000000000200e+02 1.674918143903232570e+00
2.875030000000000427e+02 1.630036496461157336e+00
2.876030000000000086e+02 1.568226499206106572e+00
2.877030000000000314e+02 1.507983578486765008e+00
2.878020000000000209e+02 1.453059892808933107e+00
2.879039999999999964e+02 1.412339026949326559e+00
2.880020000000000095e+02 1.381235046092951224e+00
2.881030000000000086e+02 1.394692395893491810e+00
2.882030000000000314e+02 1.411572574088920451e+00
2.883050000000000068e+02 1.446825439579212835e+00
2.884030000000000200e+02 1.477632783049665166e+00
2.885020000000000095e+02 1.490522812631674743e+00
2.886050000000000182e+02 1.557184869886124812e+00
2.887019999999999982e+02 1.579713897635978359e+00
2.888040000000000305e+02 1.622809318212435459e+00
2.889020000000000437e+02 1.685662114433295056e+00
2.890020000000000095e+02 1.775869972828088672e+00
2.891030000000000086e+02 1.852737184284852345e+00
2.892030000000000314e+02 1.931153935345818917e+00
2.893020000000000209e+02 1.961681368658279245e+00
2.894030000000000200e+02 1.965657864503903562e+00
2.895030000000000427e+02 1.994017381430497560e+00
2.896020000000000323e+02 1.985436471022475891e+00
2.897030000000000314e+02 1.985199395702289094e+00
2.898020000000000209e+02 2.021906866925699653e+00
2.899030000000000200e+02 2.040373371771762478e+00
2.900030000000000427e+02 2.108442654010963757e+00
2.901030000000000086e+02 2.178872526070855464e+00
2.902030000000000314e+02 2.239978537593709795e+00
2.903020000000000209e+02 2.270232208626490777e+00
2.904020000000000437e+02 2.318437716982308050e+00
2.905030000000000427e+02 2.335743294559814220e+00
2.906030000000000086e+02 2.376258604414865694e+00
2.907019999999999982e+02 2.377709673069499985e+00
2.908020000000000209e+02 2.439287998672870383e+00
2.909030000000000200e+02 2.473222457334636637e+00
2.910040000000000191e+02 2.516292876751402119e+00
2.911040000000000418e+02 2.553387188460667812e+00
2.912030000000000314e+02 2.625078252623457065e+00
2.913050000000000068e+02 2.696437735695562665e+00
2.914020000000000437e+02 2.742552672651041856e+00
2.914990000000000236e+02 2.797390258180760814e+00
2.916009999999999991e+02 2.827383180892251158e+00
2.917040000000000077e+02 2.806470544835549585e+00
2.918040000000000305e+02 2.838905084191563954e+00
2.919020000000000437e+02 2.842197395721314912e+00
2.920030000000000427e+02 2.855952238637799567e+00
2.921030000000000086e+02 2.851557474619115684e+00
2.922040000000000077e+02 2.860410742812176998e+00
2.923020000000000209e+02 2.873498304534959136e+00
2.924030000000000200e+02 2.870667590895198629e+00
2.925040000000000191e+02 2.843270405549851443e+00
2.926009999999999991e+02 2.855147733941813648e+00
2.927040000000000077e+02 2.877404947421280390e+00
2.928020000000000209e+02 2.851897095115227376e+00
2.929030000000000200e+02 2.888926603381706482e+00
2.930030000000000427e+02 2.901864010569870089e+00
2.931000000000000227e+02 2.890312011586994689e+00
2.932010000000000218e+02 2.912617928361207031e+00
2.933010000000000446e+02 2.942521930843164490e+00
2.934010000000000105e+02 2.968599662169470577e+00
2.935010000000000332e+02 2.967113165279318565e+00
2.936030000000000086e+02 2.975542545816375117e+00
2.937040000000000077e+02 2.996221392064034372e+00
2.938010000000000446e+02 2.964779496991007068e+00
2.939030000000000200e+02 2.991147057873872583e+00
2.940040000000000191e+02 2.953994325597869786e+00
2.941020000000000323e+02 2.949817959574395410e+00
2.942030000000000314e+02 2.919706794039743869e+00
2.943029999999999973e+02 2.944231920855295392e+00
2.944020000000000437e+02 2.911184144464978640e+00
2.945020000000000095e+02 2.884238216253826259e+00
2.946000000000000227e+02 2.861302526047725614e+00
2.947010000000000218e+02 2.829462166835886361e+00
2.948020000000000209e+02 2.839424426513441624e+00
2.949010000000000105e+02 2.832109163678253605e+00
2.950010000000000332e+02 2.800180072466653236e+00
2.951030000000000086e+02 2.792476169745362391e+00
2.952030000000000314e+02 2.793194676879160898e+00
2.953050000000000068e+02 2.777365824239885761e+00
2.954060000000000059e+02 2.790969533887023957e+00
2.955020000000000095e+02 2.770894924227712774e+00
2.956040000000000418e+02 2.739451516925329955e+00
2.957040000000000077e+02 2.742694273367620728e+00
2.958050000000000068e+02 2.755887610430101997e+00
2.959010000000000105e+02 2.732882729955428136e+00
2.960049999999999955e+02 2.735241070003911812e+00
2.961020000000000323e+02 2.724174883562120453e+00
2.962030000000000314e+02 2.718399732896534360e+00
2.963029999999999973e+02 2.709412919758851235e+00
2.964039999999999964e+02 2.713149038124734513e+00
2.965030000000000427e+02 2.734574913483721836e+00
2.966050000000000182e+02 2.731182463633058610e+00
2.968480000000000132e+02 2.710073466875808634e+00
2.971009999999999991e+02 2.739482983408351835e+00
2.973500000000000227e+02 2.710713838612853088e+00
2.976040000000000418e+02 2.703869126334788930e+00
2.978490000000000464e+02 2.703246830685794411e+00
2.981000000000000227e+02 2.719682825305906881e+00
2.983520000000000323e+02 2.718764978417322897e+00
2.986000000000000227e+02 2.688169031268754949e+00
2.988480000000000132e+02 2.704932770455149793e+00
2.991000000000000227e+02 2.708712184535748690e+00
2.993520000000000323e+02 2.694236207841330444e+00
2.996030000000000086e+02 2.694389835676759937e+00
2.998530000000000086e+02 2.711452808037989826e+00
3.001030000000000086e+02 2.716715088646984189e+00
3.003520000000000323e+02 2.678246888598176501e+00
3.006059999999999945e+02 2.711855413415832139e+00
3.008480000000000132e+02 2.700768690409620199e+00
3.011020000000000323e+02 2.721434072342350685e+00
3.013500000000000227e+02 2.718758494089350553e+00
3.015980000000000132e+02 2.709069031710710451e+00
3.018490000000000464e+02 2.678971754547437634e+00
3.021050000000000182e+02 2.693458998294526285e+00
3.023500000000000227e+02 2.682919961240690210e+00
3.026009999999999991e+02 2.674093360053368951e+00
3.028470000000000368e+02 2.644386050504381913e+00
3.031009999999999991e+02 2.637718049900831918e+00
3.033530000000000086e+02 2.617127299937251905e+00
3.036009999999999991e+02 2.598974006151787641e+00
3.038490000000000464e+02 2.536564458965685276e+00
3.041000000000000227e+02 2.525331426462064766e+00
3.043509999999999991e+02 2.499900802157756452e+00
3.046000000000000227e+02 2.470714643761883877e+00
3.048500000000000227e+02 2.423481466948897101e+00
3.050980000000000132e+02 2.381666326880910400e+00
3.053490000000000464e+02 2.345491491751968915e+00
3.056000000000000227e+02 2.311100768005607708e+00
3.058500000000000227e+02 2.281492384206703417e+00
3.061000000000000227e+02 2.229907284770962228e+00
3.063509999999999991e+02 2.206456590704684473e+00
3.066000000000000227e+02 2.147848221133558777e+00
3.068509999999999991e+02 2.107141760302770894e+00
3.071000000000000227e+02 2.093403992529653479e+00
3.073500000000000227e+02 2.038750217236816376e+00
3.076000000000000227e+02 2.012967429217268123e+00
3.078480000000000132e+02 1.975364558954785243e+00
3.080980000000000132e+02 1.947171170309896615e+00
3.083509999999999991e+02 1.914986591826965068e+00
3.085980000000000132e+02 1.868966181671317894e+00
3.088550000000000182e+02 1.863485296225420695e+00
3.091020000000000323e+02 1.828679736594910787e+00
3.093490000000000464e+02 1.810957989222782505e+00
3.095980000000000132e+02 1.789229695642652551e+00
3.106020000000000323e+02 1.694480216782035864e+00
3.116009999999999991e+02 1.613175127186317948e+00
3.126009999999999991e+02 1.565772839376180725e+00
3.136020000000000323e+02 1.521836403707572449e+00
3.146020000000000323e+02 1.490212098462476709e+00
3.156020000000000323e+02 1.450936469311371546e+00
3.165990000000000464e+02 1.425976519316564328e+00
3.176000000000000227e+02 1.389381038600880469e+00
3.186009999999999991e+02 1.364024768524241704e+00
3.196000000000000227e+02 1.349731207775554553e+00
3.206009999999999991e+02 1.336297080469338816e+00
3.216000000000000227e+02 1.319472228300458294e+00
3.226009999999999991e+02 1.300298906828873058e+00
3.235990000000000464e+02 1.295320001183114744e+00
3.246009999999999991e+02 1.265216118000750845e+00
3.250980000000000132e+02 1.262091332752545592e+00
3.255990000000000464e+02 1.244729545940472804e+00
3.260990000000000464e+02 1.245269804480831466e+00
3.265980000000000132e+02 1.234681985222770395e+00
3.270990000000000464e+02 1.234413261064033929e+00
3.276009999999999991e+02 1.212172561191108278e+00
3.281009999999999991e+02 1.204240422548344958e+00
3.286009999999999991e+02 1.196831331079880600e+00
3.290990000000000464e+02 1.195770735221990178e+00
3.295980000000000132e+02 1.173040713066711538e+00
3.300980000000000132e+02 1.167297436488293760e+00
3.306030000000000086e+02 1.152919503470155149e+00
3.311000000000000227e+02 1.137632328920021196e+00
3.315990000000000464e+02 1.122273056841204486e+00
3.321020000000000323e+02 1.106352602479577563e+00
3.325980000000000132e+02 1.101019256607689512e+00
3.331000000000000227e+02 1.090389700150655061e+00
3.335990000000000464e+02 1.087104312111832671e+00
3.340960000000000036e+02 1.061357625737941790e+00
3.345990000000000464e+02 1.048538421851191282e+00
3.351020000000000323e+02 1.037202945291726408e+00
3.356009999999999991e+02 1.029926251888179767e+00
3.360980000000000132e+02 1.022093194754941869e+00
3.365990000000000464e+02 1.005765306217422772e+00
3.371000000000000227e+02 9.918302427348677508e-01
3.375990000000000464e+02 9.850646121310198122e-01
3.380990000000000464e+02 9.825051779560541876e-01
3.385990000000000464e+02 9.696669199477555567e-01
3.390990000000000464e+02 9.759453490780318763e-01
3.396009999999999991e+02 9.622768587817573938e-01
