2.695940000000000509e+02 -8.297315623581996355e-03
2.700990000000000464e+02 -4.854830444915509899e-03
2.705990000000000464e+02 -4.562592620150403983e-03
2.711000000000000227e+02 -3.336887572719497447e-03
2.715990000000000464e+02 -2.606533177973094882e-03
2.721000000000000227e+02 -4.833565751300430459e-03
2.726000000000000227e+02 -2.186177211523148475e-03
2.730990000000000464e+02 -1.350998052171295018e-03
2.736000000000000227e+02 1.158211251616317978e-03
2.741020000000000323e+02 1.882338534153467986e-04
2.746009999999999991e+02 1.978984119111886191e-03
2.750990000000000464e+02 2.377780089712901949e-04
2.756009999999999991e+02 4.065023629278755914e-03
2.761009999999999991e+02 2.441987585608781583e-03
2.766000000000000227e+02 -2.338401296944265281e-04
2.771000000000000227e+02 3.759979163178184172e-03
2.776009999999999991e+02 1.046772510750265282e-03
2.781009999999999991e+02 -7.984195580959990756e-04
2.786000000000000227e+02 2.039506707435789594e-03
2.791009999999999991e+02 7.847367689177757455e-03
2.796000000000000227e+02 5.677350546392409027e-03
2.797000000000000455e+02 7.473604471882810615e-03
2.797980000000000018e+02 8.437626948335467600e-03
2.799030000000000200e+02 6.194391229325195598e-03
2.800020000000000095e+02 5.703313738977697396e-03
2.801009999999999991e+02 5.656643854164094751e-03
2.802030000000000314e+02 4.979781328752585882e-03
2.803020000000000209e+02 7.973554984591894879e-03
2.803990000000000009e+02 4.698515035691989625e-03
2.805020000000000095e+02 4.163905596743758437e-03
2.806020000000000323e+02 1.009231682837811311e-02
2.807019999999999982e+02 6.669540635440572400e-03
2.808029999999999973e+02 3.418601254742396726e-03
2.809039999999999964e+02 1.115852384933336411e-02
2.810040000000000191e+02 1.234554719063865776e-02
2.811040000000000418e+02 8.719001956204069578e-03
2.812030000000000314e+02 9.195442383834483147e-03
2.813040000000000305e+02 1.465823517666884485e-02
2.814020000000000437e+02 6.955512976606455927e-03
2.815030000000000427e+02 1.576331620127646022e-02
2.816009999999999991e+02 7.315604566631588729e-03
2.817030000000000314e+02 1.222196460431508765e-02
2.818050000000000068e+02 9.828108385242232542e-03
2.818980000000000246e+02 1.269535376170674058e-02
2.820000000000000000e+02 9.833996659607328189e-03
2.821000000000000227e+02 1.745854995764527240e-02
2.822010000000000218e+02 9.766620295137837943e-03
2.823010000000000446e+02 1.773644577729671656e-02
2.823990000000000009e+02 1.383995331887460933e-02
2.824990000000000236e+02 1.821668949561184442e-02
2.826030000000000086e+02 1.198177823948193277e-02
2.827030000000000314e+02 2.081993544787804490e-02
2.828040000000000305e+02 2.141742713205143159e-02
2.829039999999999964e+02 1.772942598010460169e-02
2.830030000000000427e+02 2.132496764443640030e-02
2.831030000000000086e+02 3.208507541032718652e-02
2.832030000000000314e+02 2.895662238096954888e-02
2.833000000000000114e+02 2.947980991236567178e-02
2.834030000000000200e+02 3.582731001545517990e-02
2.835030000000000427e+02 3.855743904056879029e-02
2.836040000000000418e+02 4.316164457873884752e-02
2.837050000000000409e+02 4.789083963754169060e-02
2.838050000000000068e+02 5.644504715262500111e-02
2.839050000000000296e+02 6.226715207043170830e-02
2.840060000000000286e+02 8.060793202245007671e-02
2.841040000000000418e+02 9.433551839378002957e-02
2.841990000000000123e+02 1.215587015426121964e-01
2.843070000000000164e+02 1.599929574630914453e-01
2.844060000000000059e+02 2.123658600571652066e-01
2.845030000000000427e+02 3.103928698487868898e-01
2.846040000000000418e+02 5.285745709339016996e-01
2.847019999999999982e+02 1.210928051973855668e+00
2.848050000000000068e+02 3.888065692567573173e+00
2.849039999999999964e+02 7.501185700169773263e+00
2.850040000000000191e+02 8.021676973299834756e+00
2.851040000000000418e+02 6.900796294803297926e+00
2.852050000000000409e+02 5.607647632438649943e+00
2.853020000000000209e+02 5.130295193710874280e+00
2.854060000000000059e+02 4.191257779070213907e+00
2.855049999999999955e+02 3.122776974087690949e+00
2.856020000000000323e+02 2.172884817359379994e+00
2.857040000000000077e+02 1.584373623623387406e+00
2.858050000000000068e+02 1.357941188241268859e+00
2.859039999999999964e+02 1.487946444198213980e+00
2.860040000000000191e+02 1.777236277549342214e+00
2.861040000000000418e+02 2.001463681106419479e+00
2.862010000000000218e+02 2.084788245200560830e+00
2.863040000000000305e+02 1.908328028361809370e+00
2.864039999999999964e+02 1.621328443337173963e+00
2.865030000000000427e+02 1.302954364738815096e+00
2.866030000000000086e+02 1.040674465013969652e+00
2.867040000000000077e+02 9.356966887652188314e-01
2.868000000000000114e+02 9.711443556194599980e-01
2.869050000000000296e+02 1.073442482806760356e+00
2.870030000000000427e+02 1.193526122676687118e+00
2.871030000000000086e+02 1.300742429530812982e+00
2.872019999999999982e+02 1.364109393630109635e+00
2.873040000000000305e+02 1.381102918265484369e+00
2.874030000000000200e+02 1.373075294406853830e+00
2.875020000000000095e+02 1.357538167834786869e+00
2.876009999999999991e+02 1.367309996443897058e+00
2.877030000000000314e+02 1.415728130165888388e+00
2.878020000000000209e+02 1.461499094343546634e+00
2.879030000000000200e+02 1.491627418845697495e+00
2.880030000000000427e+02 1.503239154670806821e+00
2.881009999999999991e+02 1.539671436540428928e+00
2.882050000000000409e+02 1.581295677264032751e+00
2.883020000000000209e+02 1.671112014170069493e+00
2.884039999999999964e+02 1.745543899365406659e+00
2.885030000000000427e+02 1.829891974859471970e+00
2.886030000000000086e+02 1.920575367345774387e+00
2.887019999999999982e+02 1.951283427736055565e+00
2.887990000000000350e+02 1.974357927957498537e+00
2.889050000000000296e+02 1.973335989679630309e+00
2.890030000000000427e+02 1.963904314662926032e+00
2.891000000000000227e+02 1.938002183944350421e+00
2.892030000000000314e+02 1.901532607040627321e+00
2.893050000000000068e+02 1.928903834963721753e+00
2.894000000000000341e+02 1.922669854907185227e+00
2.895020000000000095e+02 1.944087592072239135e+00
2.896030000000000086e+02 1.964008878854877960e+00
2.897040000000000077e+02 2.002321486741694301e+00
2.898060000000000400e+02 2.015257505158456031e+00
2.899070000000000391e+02 2.053094421478881326e+00
2.900030000000000427e+02 2.062383893110678379e+00
2.901050000000000182e+02 2.056710393972994488e+00
2.902019999999999982e+02 2.039064059245904836e+00
2.903010000000000446e+02 2.026349291650595852e+00
2.904010000000000105e+02 2.025033735392418599e+00
2.905030000000000427e+02 2.012760383931385899e+00
2.906030000000000086e+02 2.024228133604966118e+00
2.907040000000000077e+02 2.020031080510155341e+00
2.908020000000000209e+02 2.059296629572323845e+00
2.909020000000000437e+02 2.086437953271553791e+00
2.910030000000000427e+02 2.134346052978554287e+00
2.911030000000000086e+02 2.192142933519890757e+00
2.912030000000000314e+02 2.243774297415699781e+00
2.913040000000000305e+02 2.273470862026901518e+00
2.914030000000000200e+02 2.308929783153736537e+00
2.915070000000000050e+02 2.350325204356026099e+00
2.916009999999999991e+02 2.382461724559708838e+00
2.917019999999999982e+02 2.414214277204365100e+00
2.918040000000000305e+02 2.428599464193158752e+00
2.919060000000000059e+02 2.473856110676942777e+00
2.920030000000000427e+02 2.491051945176621096e+00
2.921009999999999991e+02 2.526806226860725424e+00
2.922010000000000218e+02 2.550666053494738517e+00
2.923040000000000305e+02 2.597416237360728797e+00
2.924020000000000437e+02 2.609694946756834444e+00
2.925020000000000095e+02 2.669741325926698217e+00
2.926009999999999991e+02 2.699386381536985180e+00
2.927019999999999982e+02 2.719424487185976513e+00
2.928020000000000209e+02 2.773620794062993333e+00
2.929039999999999964e+02 2.811141774349370959e+00
2.930040000000000191e+02 2.838510608852873318e+00
2.931030000000000086e+02 2.863524916714276891e+00
2.932019999999999982e+02 2.901979450425557161e+00
2.933050000000000068e+02 2.952675104221165636e+00
2.934039999999999964e+02 2.961901423964538260e+00
2.935040000000000191e+02 2.963506799251635737e+00
2.936030000000000086e+02 2.992625092554678901e+00
2.937040000000000077e+02 2.977653753254550839e+00
2.938029999999999973e+02 2.993269323052680786e+00
2.939039999999999964e+02 2.975531433485175459e+00
2.940020000000000095e+02 2.966306144432426795e+00
2.941030000000000086e+02 2.964249338216553564e+00
2.942050000000000409e+02 2.947783052899829670e+00
2.943029999999999973e+02 2.926899791138456219e+00
2.944010000000000105e+02 2.908287540043440256e+00
2.945010000000000332e+02 2.876833940784130572e+00
2.946040000000000418e+02 2.873144179026620559e+00
2.947030000000000314e+02 2.844284161755936680e+00
2.948050000000000068e+02 2.814736426103511935e+00
2.949030000000000200e+02 2.789796353786240246e+00
2.950040000000000191e+02 2.789694227163068252e+00
2.951040000000000418e+02 2.773553674090198928e+00
2.952019999999999982e+02 2.750155848037217243e+00
2.953029999999999973e+02 2.728052743905304833e+00
2.954050000000000296e+02 2.706839394076431038e+00
2.955000000000000000e+02 2.717342938122098595e+00
2.956040000000000418e+02 2.684860178084318427e+00
2.957070000000000505e+02 2.659307157851312997e+00
2.958040000000000305e+02 2.666298770252845785e+00
2.959000000000000341e+02 2.625185895176295414e+00
2.960049999999999955e+02 2.645026434540144855e+00
2.960990000000000464e+02 2.617888548649734304e+00
2.962010000000000218e+02 2.580347642226134663e+00
2.963060000000000400e+02 2.590980028534846991e+00
2.964060000000000059e+02 2.583982140348985990e+00
2.965030000000000427e+02 2.582255778230108767e+00
2.966059999999999945e+02 2.587159132226710234e+00
2.968470000000000368e+02 2.559860698170116411e+00
2.971000000000000227e+02 2.548889910705346207e+00
2.973540000000000418e+02 2.562243189467441340e+00
2.975990000000000464e+02 2.550673261795992186e+00
2.978500000000000227e+02 2.557787970142457734e+00
2.980990000000000464e+02 2.565943598633909417e+00
2.983480000000000132e+02 2.582212639664583254e+00
2.985990000000000464e+02 2.595874526378469493e+00
2.988509999999999991e+02 2.601064234269452324e+00
2.991009999999999991e+02 2.589349296144127788e+00
2.993509999999999991e+02 2.607578457330879118e+00
2.996000000000000227e+02 2.617892092406053806e+00
2.998500000000000227e+02 2.618486710173098864e+00
3.001009999999999991e+02 2.623321650452487663e+00
3.003530000000000086e+02 2.637514234561077586e+00
3.006000000000000227e+02 2.640402342835410643e+00
3.008500000000000227e+02 2.656518096357935566e+00
3.011009999999999991e+02 2.643248755362621605e+00
3.013500000000000227e+02 2.649815009763377915e+00
3.016009999999999991e+02 2.646369908245550295e+00
3.018509999999999991e+02 2.644900252738311419e+00
3.021020000000000323e+02 2.636908998269975601e+00
3.023550000000000182e+02 2.634083584529970601e+00
3.026009999999999991e+02 2.614601540160722326e+00
3.028509999999999991e+02 2.616218175728720396e+00
3.031030000000000086e+02 2.579737874797175756e+00
3.033520000000000323e+02 2.559250952765876441e+00
3.035970000000000368e+02 2.539301434837742288e+00
3.038550000000000182e+02 2.501092397630008790e+00
3.041000000000000227e+02 2.483587824812369949e+00
3.043500000000000227e+02 2.439316808925456215e+00
3.045960000000000036e+02 2.392924202310883430e+00
3.048490000000000464e+02 2.352524395901133047e+00
3.051000000000000227e+02 2.323276881957543338e+00
3.053509999999999991e+02 2.270629739125063384e+00
3.055990000000000464e+02 2.233015569231477038e+00
3.058500000000000227e+02 2.211669376821255639e+00
3.060980000000000132e+02 2.170321293447040389e+00
3.063480000000000132e+02 2.114724496122987407e+00
3.066009999999999991e+02 2.076972692109359198e+00
3.068500000000000227e+02 2.045376730280829225e+00
3.070970000000000368e+02 2.002917410309223989e+00
3.073500000000000227e+02 1.960729390075825807e+00
3.075990000000000464e+02 1.941552011716316750e+00
3.078490000000000464e+02 1.908255907674276219e+00
3.081000000000000227e+02 1.866091796162837158e+00
3.083480000000000132e+02 1.835892899642234566e+00
3.086000000000000227e+02 1.819108527117745178e+00
3.088509999999999991e+02 1.802237118784684844e+00
3.090980000000000132e+02 1.761806553722594870e+00
3.093500000000000227e+02 1.745059316092721025e+00
3.096059999999999945e+02 1.724466502300778803e+00
3.106000000000000227e+02 1.626065555599896628e+00
3.116009999999999991e+02 1.562626249174268844e+00
3.126000000000000227e+02 1.489637132465939429e+00
3.136009999999999991e+02 1.452679057262641571e+00
3.145980000000000132e+02 1.416974222440142706e+00
3.156000000000000227e+02 1.384953402610814566e+00
3.166009999999999991e+02 1.368848479236853377e+00
3.175990000000000464e+02 1.354835744017817145e+00
3.186009999999999991e+02 1.338527235798001591e+00
3.196009999999999991e+02 1.319504516520596304e+00
3.206000000000000227e+02 1.311914545292384382e+00
3.215980000000000132e+02 1.293395930638625790e+00
3.225970000000000368e+02 1.287121796176406097e+00
3.235990000000000464e+02 1.288547612539705955e+00
3.246000000000000227e+02 1.273879380254217430e+00
3.250980000000000132e+02 1.259065348186648059e+00
3.255990000000000464e+02 1.258109582414983496e+00
3.261009999999999991e+02 1.245170765414455039e+00
3.266020000000000323e+02 1.243017419264474288e+00
3.270990000000000464e+02 1.224912142871378062e+00
3.275990000000000464e+02 1.218548969475689470e+00
3.281020000000000323e+02 1.203074576211942803e+00
3.285990000000000464e+02 1.185517487526078995e+00
3.291009999999999991e+02 1.170125241512131709e+00
3.295980000000000132e+02 1.159986884239372129e+00
3.300990000000000464e+02 1.166242808205273818e+00
3.306009999999999991e+02 1.142710437252075772e+00
3.310990000000000464e+02 1.138433887835729852e+00
3.316000000000000227e+02 1.115680255305755875e+00
3.320990000000000464e+02 1.098829859463475556e+00
3.326000000000000227e+02 1.094474699135418838e+00
3.331020000000000323e+02 1.078309271586303408e+00
3.336000000000000227e+02 1.073140467533802767e+00
3.341009999999999991e+02 1.062377989152630153e+00
3.346020000000000323e+02 1.054298305024663929e+00
3.350990000000000464e+02 1.032425219216646095e+00
3.356000000000000227e+02 1.026198656468062076e+00
3.360990000000000464e+02 1.018725835266139912e+00
3.366009999999999991e+02 1.005258759762782006e+00
3.370990000000000464e+02 9.896760036199816479e-01
3.376009999999999991e+02 9.872083182399989942e-01
3.381000000000000227e+02 9.702675746199477258e-01
3.385990000000000464e+02 9.567524017151354254e-01
3.391009999999999991e+02 9.591889260666429662e-01
3.396000000000000227e+02 9.439671232732955719e-01
